
|----------------------------------------------------------------------------------------------------|
|   Cliente Alexis Perez, esta es su tabla de relación con respecto al Consumo promedio del motor    |
|----------------------------------------------------------------------------------------------------|
| Consumo Promedio | (km)  | Consumo Gal | (km/galones) | Gasto por km(DOP) | Gastos (DOP)|Monto(DOP)|
|----------------------------------------------------------------------------------------------------|
|1                 |  100  | 1,00        | 0,26         | 50,72             |13370,00     |18442     |
|----------------------------------------------------------------------------------------------------|
|2                 |  100  | 2,00        | 0,53         | 101,44            |13370,00     |23514     |
|----------------------------------------------------------------------------------------------------|
|3                 |  100  | 3,00        | 0,79         | 152,16            |13370,00     |28586     |
|----------------------------------------------------------------------------------------------------|
|4                 |  100  | 4,00        | 1,06         | 202,88            |13370,00     |33658     |
|----------------------------------------------------------------------------------------------------|
|5                 |  100  | 5,00        | 1,32         | 253,61            |13370,00     |38730     |
|----------------------------------------------------------------------------------------------------|
|6                 |  100  | 6,00        | 1,59         | 304,33            |13370,00     |43802     |
|----------------------------------------------------------------------------------------------------|
|7                 |  100  | 7,00        | 1,85         | 355,05            |13370,00     |48874     |
|----------------------------------------------------------------------------------------------------|
|8                 |  100  | 8,00        | 2,11         | 405,77            |13370,00     |53946     |
|----------------------------------------------------------------------------------------------------|
|9                 |  100  | 9,00        | 2,38         | 456,49            |13370,00     |59018     |
|----------------------------------------------------------------------------------------------------|
|10                |  100  | 10,00       | 2,64         | 507,21            |13370,00     |64091     |
|----------------------------------------------------------------------------------------------------|
|11                |  100  | 11,00       | 2,91         | 557,93            |13370,00     |69163     |
|----------------------------------------------------------------------------------------------------|
|12                |  100  | 12,00       | 3,17         | 608,65            |13370,00     |74235     |
|----------------------------------------------------------------------------------------------------|
|13                |  100  | 13,00       | 3,43         | 659,37            |13370,00     |79307     |
|----------------------------------------------------------------------------------------------------|
|14                |  100  | 14,00       | 3,70         | 710,09            |13370,00     |84379     |
|----------------------------------------------------------------------------------------------------|
|15                |  100  | 15,00       | 3,96         | 760,82            |13370,00     |89451     |
|----------------------------------------------------------------------------------------------------|
|16                |  100  | 16,00       | 4,23         | 811,54            |13370,00     |94523     |
|----------------------------------------------------------------------------------------------------|
|17                |  100  | 17,00       | 4,49         | 862,26            |13370,00     |99595     |
|----------------------------------------------------------------------------------------------------|
|18                |  100  | 18,00       | 4,76         | 912,98            |13370,00     |104667    |
|----------------------------------------------------------------------------------------------------|
|19                |  100  | 19,00       | 5,02         | 963,70            |13370,00     |109739    |
|----------------------------------------------------------------------------------------------------|
|20                |  100  | 20,00       | 5,28         | 1014,42           |13370,00     |114812    |
|----------------------------------------------------------------------------------------------------|
|21                |  100  | 21,00       | 5,55         | 1065,14           |13370,00     |119884    |
|----------------------------------------------------------------------------------------------------|
|22                |  100  | 22,00       | 5,81         | 1115,86           |13370,00     |124956    |
|----------------------------------------------------------------------------------------------------|
|23                |  100  | 23,00       | 6,08         | 1166,58           |13370,00     |130028    |
|----------------------------------------------------------------------------------------------------|
|24                |  100  | 24,00       | 6,34         | 1217,30           |13370,00     |135100    |
|----------------------------------------------------------------------------------------------------|
|25                |  100  | 25,00       | 6,60         | 1268,03           |13370,00     |140172    |
|----------------------------------------------------------------------------------------------------|
|26                |  100  | 26,00       | 6,87         | 1318,75           |13370,00     |145244    |
|----------------------------------------------------------------------------------------------------|
|27                |  100  | 27,00       | 7,13         | 1369,47           |13370,00     |150316    |
|----------------------------------------------------------------------------------------------------|
|28                |  100  | 28,00       | 7,40         | 1420,19           |13370,00     |155388    |
|----------------------------------------------------------------------------------------------------|
|29                |  100  | 29,00       | 7,66         | 1470,91           |13370,00     |160460    |
|----------------------------------------------------------------------------------------------------|
|30                |  100  | 30,00       | 7,93         | 1521,63           |13370,00     |165533    |
|----------------------------------------------------------------------------------------------------|
|31                |  100  | 31,00       | 8,19         | 1572,35           |13370,00     |170605    |
|----------------------------------------------------------------------------------------------------|
|32                |  100  | 32,00       | 8,45         | 1623,07           |13370,00     |175677    |
|----------------------------------------------------------------------------------------------------|
|33                |  100  | 33,00       | 8,72         | 1673,79           |13370,00     |180749    |
|----------------------------------------------------------------------------------------------------|
|34                |  100  | 34,00       | 8,98         | 1724,51           |13370,00     |185821    |
|----------------------------------------------------------------------------------------------------|
|35                |  100  | 35,00       | 9,25         | 1775,24           |13370,00     |190893    |
|----------------------------------------------------------------------------------------------------|
|36                |  100  | 36,00       | 9,51         | 1825,96           |13370,00     |195965    |
|----------------------------------------------------------------------------------------------------|
|37                |  100  | 37,00       | 9,77         | 1876,68           |13370,00     |201037    |
|----------------------------------------------------------------------------------------------------|
|38                |  100  | 38,00       | 10,04        | 1927,40           |13370,00     |206109    |
|----------------------------------------------------------------------------------------------------|
|39                |  100  | 39,00       | 10,30        | 1978,12           |13370,00     |211181    |
|----------------------------------------------------------------------------------------------------|
|40                |  100  | 40,00       | 10,57        | 2028,84           |13370,00     |216254    |
|----------------------------------------------------------------------------------------------------|
|41                |  100  | 41,00       | 10,83        | 2079,56           |13370,00     |221326    |
|----------------------------------------------------------------------------------------------------|
|42                |  100  | 42,00       | 11,10        | 2130,28           |13370,00     |226398    |
|----------------------------------------------------------------------------------------------------|
|43                |  100  | 43,00       | 11,36        | 2181,00           |13370,00     |231470    |
|----------------------------------------------------------------------------------------------------|
|44                |  100  | 44,00       | 11,62        | 2231,73           |13370,00     |236542    |
|----------------------------------------------------------------------------------------------------|
|45                |  100  | 45,00       | 11,89        | 2282,45           |13370,00     |241614    |
|----------------------------------------------------------------------------------------------------|
|46                |  100  | 46,00       | 12,15        | 2333,17           |13370,00     |246686    |
|----------------------------------------------------------------------------------------------------|
|47                |  100  | 47,00       | 12,42        | 2383,89           |13370,00     |251758    |
|----------------------------------------------------------------------------------------------------|
|48                |  100  | 48,00       | 12,68        | 2434,61           |13370,00     |256830    |
|----------------------------------------------------------------------------------------------------|
|49                |  100  | 49,00       | 12,94        | 2485,33           |13370,00     |261903    |
|----------------------------------------------------------------------------------------------------|
|50                |  100  | 50,00       | 13,21        | 2536,05           |13370,00     |266975    |
|----------------------------------------------------------------------------------------------------|
|51                |  100  | 51,00       | 13,47        | 2586,77           |13370,00     |272047    |
|----------------------------------------------------------------------------------------------------|
|52                |  100  | 52,00       | 13,74        | 2637,49           |13370,00     |277119    |
|----------------------------------------------------------------------------------------------------|
|53                |  100  | 53,00       | 14,00        | 2688,21           |13370,00     |282191    |
|----------------------------------------------------------------------------------------------------|
|54                |  100  | 54,00       | 14,27        | 2738,94           |13370,00     |287263    |
|----------------------------------------------------------------------------------------------------|
|55                |  100  | 55,00       | 14,53        | 2789,66           |13370,00     |292335    |
|----------------------------------------------------------------------------------------------------|
|56                |  100  | 56,00       | 14,79        | 2840,38           |13370,00     |297407    |
|----------------------------------------------------------------------------------------------------|
|57                |  100  | 57,00       | 15,06        | 2891,10           |13370,00     |302479    |
|----------------------------------------------------------------------------------------------------|
|58                |  100  | 58,00       | 15,32        | 2941,82           |13370,00     |307551    |
|----------------------------------------------------------------------------------------------------|
|59                |  100  | 59,00       | 15,59        | 2992,54           |13370,00     |312624    |
|----------------------------------------------------------------------------------------------------|
|60                |  100  | 60,00       | 15,85        | 3043,26           |13370,00     |317696    |
|----------------------------------------------------------------------------------------------------|
|61                |  100  | 61,00       | 16,11        | 3093,98           |13370,00     |322768    |
|----------------------------------------------------------------------------------------------------|
|62                |  100  | 62,00       | 16,38        | 3144,70           |13370,00     |327840    |
|----------------------------------------------------------------------------------------------------|
|63                |  100  | 63,00       | 16,64        | 3195,42           |13370,00     |332912    |
|----------------------------------------------------------------------------------------------------|
|64                |  100  | 64,00       | 16,91        | 3246,15           |13370,00     |337984    |
|----------------------------------------------------------------------------------------------------|
|65                |  100  | 65,00       | 17,17        | 3296,87           |13370,00     |343056    |
|----------------------------------------------------------------------------------------------------|
|66                |  100  | 66,00       | 17,44        | 3347,59           |13370,00     |348128    |
|----------------------------------------------------------------------------------------------------|
|67                |  100  | 67,00       | 17,70        | 3398,31           |13370,00     |353200    |
|----------------------------------------------------------------------------------------------------|
|68                |  100  | 68,00       | 17,96        | 3449,03           |13370,00     |358272    |
|----------------------------------------------------------------------------------------------------|
|69                |  100  | 69,00       | 18,23        | 3499,75           |13370,00     |363345    |
|----------------------------------------------------------------------------------------------------|
|70                |  100  | 70,00       | 18,49        | 3550,47           |13370,00     |368417    |
|----------------------------------------------------------------------------------------------------|
|71                |  100  | 71,00       | 18,76        | 3601,19           |13370,00     |373489    |
|----------------------------------------------------------------------------------------------------|
|72                |  100  | 72,00       | 19,02        | 3651,91           |13370,00     |378561    |
|----------------------------------------------------------------------------------------------------|
|73                |  100  | 73,00       | 19,28        | 3702,63           |13370,00     |383633    |
|----------------------------------------------------------------------------------------------------|
|74                |  100  | 74,00       | 19,55        | 3753,36           |13370,00     |388705    |
|----------------------------------------------------------------------------------------------------|
|75                |  100  | 75,00       | 19,81        | 3804,08           |13370,00     |393777    |
|----------------------------------------------------------------------------------------------------|
|76                |  100  | 76,00       | 20,08        | 3854,80           |13370,00     |398849    |
|----------------------------------------------------------------------------------------------------|
|77                |  100  | 77,00       | 20,34        | 3905,52           |13370,00     |403921    |
|----------------------------------------------------------------------------------------------------|
|78                |  100  | 78,00       | 20,61        | 3956,24           |13370,00     |408993    |
|----------------------------------------------------------------------------------------------------|
|79                |  100  | 79,00       | 20,87        | 4006,96           |13370,00     |414066    |
|----------------------------------------------------------------------------------------------------|
|80                |  100  | 80,00       | 21,13        | 4057,68           |13370,00     |419138    |
|----------------------------------------------------------------------------------------------------|
|81                |  100  | 81,00       | 21,40        | 4108,40           |13370,00     |424210    |
|----------------------------------------------------------------------------------------------------|
|82                |  100  | 82,00       | 21,66        | 4159,12           |13370,00     |429282    |
|----------------------------------------------------------------------------------------------------|
|83                |  100  | 83,00       | 21,93        | 4209,84           |13370,00     |434354    |
|----------------------------------------------------------------------------------------------------|
|84                |  100  | 84,00       | 22,19        | 4260,57           |13370,00     |439426    |
|----------------------------------------------------------------------------------------------------|
|85                |  100  | 85,00       | 22,45        | 4311,29           |13370,00     |444498    |
|----------------------------------------------------------------------------------------------------|
|86                |  100  | 86,00       | 22,72        | 4362,01           |13370,00     |449570    |
|----------------------------------------------------------------------------------------------------|
|87                |  100  | 87,00       | 22,98        | 4412,73           |13370,00     |454642    |
|----------------------------------------------------------------------------------------------------|
|88                |  100  | 88,00       | 23,25        | 4463,45           |13370,00     |459715    |
|----------------------------------------------------------------------------------------------------|
|89                |  100  | 89,00       | 23,51        | 4514,17           |13370,00     |464787    |
|----------------------------------------------------------------------------------------------------|
|90                |  100  | 90,00       | 23,78        | 4564,89           |13370,00     |469859    |
|----------------------------------------------------------------------------------------------------|
|91                |  100  | 91,00       | 24,04        | 4615,61           |13370,00     |474931    |
|----------------------------------------------------------------------------------------------------|
|92                |  100  | 92,00       | 24,30        | 4666,33           |13370,00     |480003    |
|----------------------------------------------------------------------------------------------------|
|93                |  100  | 93,00       | 24,57        | 4717,06           |13370,00     |485075    |
|----------------------------------------------------------------------------------------------------|
|94                |  100  | 94,00       | 24,83        | 4767,78           |13370,00     |490147    |
|----------------------------------------------------------------------------------------------------|
|95                |  100  | 95,00       | 25,10        | 4818,50           |13370,00     |495219    |
|----------------------------------------------------------------------------------------------------|
|96                |  100  | 96,00       | 25,36        | 4869,22           |13370,00     |500291    |
|----------------------------------------------------------------------------------------------------|
|97                |  100  | 97,00       | 25,62        | 4919,94           |13370,00     |505363    |
|----------------------------------------------------------------------------------------------------|
|98                |  100  | 98,00       | 25,89        | 4970,66           |13370,00     |510436    |
|----------------------------------------------------------------------------------------------------|
|99                |  100  | 99,00       | 26,15        | 5021,38           |13370,00     |515508    |
|----------------------------------------------------------------------------------------------------|
|100               |  100  | 100,00      | 26,42        | 5072,10           |13370,00     |520580    |
|----------------------------------------------------------------------------------------------------|
